INFO: 2022-11-01 23:11:58,958: Data
INFO: 2022-11-01 23:11:58,959: Data shape (110527, 14)
INFO: 2022-11-01 23:11:58,979: Percentage of women: 0.653882342398853
INFO: 2022-11-01 23:11:58,998: Percentage of men: 0.346117657601147
ERROR: 2022-11-01 23:13:00,383: Data shape is incorrect!
